# калина 3 инвентаризация в БВ2 по Д30(ИТЦЯ.421417.074) стр. 191 и Д21 (ИТЦЯ.421417.074)
102;127
98;127
94;127
90;127
85;127
80;127
78;128
83;128
87;128
92;128
96;128
100;128
105;128
102;129
98;129
94;129
90;129
85;129
80;129
78;130
83;130
87;130
92;130
96;130
100;130
105;130
107;131
102;131
98;131
94;131
90;131
85;131
80;131
78;132
83;132
87;132
92;132
96;132
100;132
105;132
109;132
112;133
107;133
102;133
98;133
94;133
90;133
85;133
80;133
78;134
83;134
87;134
92;134
96;134
100;134
105;134
109;134
112;135
107;135
102;135
98;135
94;135
90;135
85;135
80;135
78;136
83;136
87;136
92;136
96;136
100;136
105;136
109;136
112;137
107;137
102;137
98;137
94;137
90;137
85;137
80;137
78;138
83;138
87;138
92;138
96;138
100;138
105;138
109;138
112;139
107;139
102;139
98;139
94;139
90;139
85;139
80;139
78;140
83;140
87;140
92;140
96;140
100;140
105;140
109;140
112;141
107;141
102;141
98;141
94;141
90;141
85;141
80;141
78;142
83;142
87;142
92;142
96;142
100;142
105;142
109;142
112;143
107;143
102;143
98;143
94;143
90;143
85;143
80;143
78;144
83;144
87;144
92;144
96;144
100;144
105;144
109;144
112;145
107;145
102;145
98;145
94;145
90;145
85;145
80;145
78;146
83;146
87;146
92;146
96;146
100;146
105;146
109;146
112;147
107;147
102;147
98;147
94;147
90;147
85;147
80;147
78;148
83;148
87;148
92;148
96;148
100;148
105;148
109;148
112;149
107;149
102;149
98;149
94;149
90;149
85;149
80;149
78;150
83;150
87;150
92;150
96;150
100;150
105;150
109;150
112;151
107;151
102;151
98;151
94;151
90;151
85;151
80;151
78;152
83;152
87;152
92;152
96;152
100;152
105;152
109;152
112;153
107;153
102;153
98;153
94;153
90;153
85;153
80;153
78;154
83;154
87;154
92;154
96;154
100;154
105;154
109;154
112;155
107;155
102;155
98;155
94;155
90;155
85;155
80;155